[RFNET]

n_in  3
n_out  3
diag_only  0
meta  0
meta_rate  0
penalty  0.0001
init_alpha  50 50 50 50 50 50 50 50 50 
norm  0.7485 0.6973 0.6203 
norm_out  0.9954 0.7268 0.6639 
name  test
n_data  369
w_gen  0.1
w_prune  0.9
init_lambda  0.999
final_lambda  0.9999
tau_lambda  0.99999
init_P  1e+010
n_pruned  0
init_D  25 0 0 0 25 0 0 0 25 
init_M  5 0 0 0 5 0 0 0 5 
mean_x  0.287138 0.196935 -0.0331103 
var_x  0.0483902 0.0798792 0.0632948 
kernel  Gaussian
numero_rfs  22

[RF1]
D  24.3793 -0.000276773 -0.000497442 -0.000276773 24.3857 0.00134321 -0.000497442 0.00134321 24.3804 
M  4.93754 -5.60549e-005 -0.000100747 0 4.93819 0.000272003 0 0 4.93766 
alpha  50 50 50 50 50 50 50 50 50 
b0  -0.964094 0.00398617 -0.348188 
P  3.94468 0.158909 -0.0356891 0.158909 3.04656 0.504432 -0.0356891 0.504432 4.11978 
B  -0.175106 -0.0257977 0.89172 0.0673377 0.884146 -0.185659 0.0521608 0.496129 -0.182271 
H  -1.336e-005 -0.000250611 -0.000227769 0.000463408 0.00114645 2.87797e-005 -8.8118e-005 0.000702576 -0.00036851 
R  3.78468e-006 -9.83809e-010 -2.63946e-007 -9.83809e-010 6.41643e-006 -4.34227e-007 -2.63946e-007 -4.34227e-007 5.14173e-006 
h  0 0 0 0 0 0 0 0 0 
b  3.91202 3.91202 3.91202 3.91202 3.91202 3.91202 3.91202 3.91202 3.91202 
c  0.767029 0.0312921 0.454072 
vif  0.0897164 0.0915657 0.0913805 
sum_w  11.1724
sum_e_cv2  0.0225787
sum_e2  0.0140015
n_data  103.322
trustworthy  1
lambda  0.999001
mean_x	 0.683283 0.0251878 0.356031 
var_x  0.0227437 0.0300554 0.0221809 
w  0
erased  0


[RF2]
D  23.1963 -0.000112269 -0.00159705 -0.000112269 23.2016 0.00245776 -0.00159705 0.00245776 23.1952 
M  4.81625 -2.33104e-005 -0.000331596 0 4.8168 0.000510246 0 0 4.81614 
alpha  50 50 50 50 50 50 50 50 50 
b0  -0.924052 -0.150299 -0.491184 
P  1.65843 0.0963011 -0.170187 0.0963011 1.84793 -0.132523 -0.170187 -0.132523 2.47768 
B  -0.211917 -0.0152466 0.888758 -0.0175928 0.811884 -0.145491 0.0194101 0.526635 -0.113899 
H  0.000132934 -0.00166426 -0.000657669 -0.000402949 -0.000538168 0.00171488 0.000394335 0.000632073 -0.000224201 
R  3.12944e-005 2.18094e-006 -7.63712e-006 2.18094e-006 2.16546e-005 1.447e-006 -7.63712e-006 1.447e-006 2.29638e-005 
h  0 0 0 0 0 0 0 0 0 
b  3.91202 3.91202 3.91202 3.91202 3.91202 3.91202 3.91202 3.91202 3.91202 
c  0.453498 0.32773 -0.529948 
vif  0.0658378 0.0656254 0.0658913 
sum_w  15.3351
sum_e_cv2  0.0259164
sum_e2  0.0190187
n_data  174.791
trustworthy  1
lambda  0.999002
mean_x	 0.419899 0.322352 -0.510949 
var_x  0.0396988 0.0355129 0.026594 
w  0.170931
erased  0


[RF3]
D  24.9999 -1.28486e-007 5.15487e-007 -1.28486e-007 24.9999 4.08645e-007 5.15487e-007 4.08645e-007 24.9999 
M  4.99999 -2.56972e-008 1.03098e-007 0 4.99999 8.17292e-008 0 0 4.99999 
alpha  50 50 50 50 50 50 50 50 50 
b0  -0.844768 0.00326446 -0.792902 
P  3.6292 0.434677 -0.259653 0.434677 3.81126 -0.0769722 -0.259653 -0.0769722 4.32289 
B  -0.28087 -0.0654911 0.688084 0.0696025 0.645978 -0.127574 0.0544568 0.388573 -0.158083 
H  3.25404e-008 -5.23323e-008 -8.31707e-008 -9.3134e-010 1.70541e-007 7.59906e-008 8.38406e-009 -3.09577e-008 6.03689e-008 
R  6.20057e-010 -3.4839e-010 2.52396e-011 -3.4839e-010 5.97634e-010 3.60921e-011 2.52396e-011 3.60921e-011 2.45426e-010 
h  0 0 0 0 0 0 0 0 0 
b  3.91202 3.91202 3.91202 3.91202 3.91202 3.91202 3.91202 3.91202 3.91202 
c  0.021022 -0.0723706 0.49201 
vif  0.0873175 0.0869735 0.0861557 
sum_w  11.6585
sum_e_cv2  0.0886794
sum_e2  0.00749243
n_data  95.2106
trustworthy  1
lambda  0.999001
mean_x	 0.127837 -0.0142571 0.392607 
var_x  0.0240597 0.0228201 0.0199301 
w  0
erased  0


[RF4]
D  24.86 -8.35457e-005 -3.31276e-005 -8.35457e-005 24.8606 2.65432e-005 -3.31276e-005 2.65432e-005 24.8602 
M  4.98598 -1.67561e-005 -6.64414e-006 0 4.98604 5.32348e-006 0 0 4.986 
alpha  50 50 50 50 50 50 50 50 50 
b0  -0.951218 -0.130934 -0.367094 
P  1.63955 -0.114571 0.196307 -0.114571 1.57902 -0.237302 0.196307 -0.237302 1.65671 
B  -0.167824 -0.0695421 0.877166 -0.0296591 0.820426 -0.119261 -0.0215841 0.450015 -0.159998 
H  0.000108714 0.00014304 -0.000196006 -0.000340825 0.000692195 0.000135098 -0.000221731 -0.000491972 0.000162124 
R  2.80634e-006 5.04179e-007 -2.62439e-007 5.04179e-007 3.83131e-006 4.71359e-007 -2.62439e-007 4.71359e-007 2.27217e-006 
h  0 0 0 0 0 0 0 0 0 
b  3.91202 3.91202 3.91202 3.91202 3.91202 3.91202 3.91202 3.91202 3.91202 
c  0.633351 0.0244672 0.0431211 
vif  0.057584 0.0580159 0.0585524 
sum_w  17.6687
sum_e_cv2  0.0513528
sum_e2  0.0237751
n_data  168.989
trustworthy  1
lambda  0.999002
mean_x	 0.60515 0.0217633 0.0581471 
var_x  0.0351217 0.0367417 0.0353426 
w  0
erased  0


[RF5]
D  24.7654 -5.09505e-005 -5.7823e-005 -5.09505e-005 24.7655 0.000317372 -5.7823e-005 0.000317372 24.7652 
M  4.97648 -1.02383e-005 -1.16193e-005 0 4.97649 6.37743e-005 0 0 4.97646 
alpha  50 50 50 50 50 50 50 50 50 
b0  -0.833398 0.317441 -0.730771 
P  1.65718 -0.126557 0.0181942 -0.126557 4.02615 0.462321 0.0181942 0.462321 2.1726 
B  -0.243864 0.196237 0.790275 0.229394 0.747186 -0.290028 0.128901 0.494148 -0.0960935 
H  -9.40162e-005 -0.000448866 -0.00052554 -0.000160067 3.31716e-005 0.000219664 -2.38702e-005 0.000132872 -0.000249485 
R  5.28945e-006 -6.84067e-007 1.34086e-007 -6.84067e-007 2.19355e-006 -8.98207e-007 1.34086e-007 -8.98207e-007 3.18081e-006 
h  0 0 0 0 0 0 0 0 0 
b  3.91202 3.91202 3.91202 3.91202 3.91202 3.91202 3.91202 3.91202 3.91202 
c  0.307242 0.85493 -0.296668 
vif  0.059506 0.0609908 0.06085 
sum_w  16.8506
sum_e_cv2  0.0514893
sum_e2  0.0251758
n_data  133.316
trustworthy  1
lambda  0.999001
mean_x	 0.296569 0.760566 -0.256595 
var_x  0.035908 0.0151487 0.0280079 
w  0.0744931
erased  0


[RF6]
D  24.7555 -0.000654036 -0.000428257 -0.000654036 24.7562 -0.000385264 -0.000428257 -0.000385264 24.7565 
M  4.97549 -0.000131452 -8.60732e-005 0 4.97556 -7.74335e-005 0 0 4.97559 
alpha  50 50 50 50 50 50 50 50 50 
b0  -0.65297 0.819115 -0.675171 
P  5.42062 -1.00015 -0.372353 -1.00015 6.31483 0.198244 -0.372353 0.198244 5.44063 
B  -0.0772479 0.265782 0.597263 0.630624 0.838976 -0.353891 0.31091 0.239004 -0.449668 
H  0.000331038 0.000598682 -0.00029111 0.000424793 0.000286817 7.99626e-005 0.000244828 0.00037209 -2.18298e-005 
R  1.1815e-005 4.41953e-006 3.88375e-006 4.41953e-006 7.44194e-006 1.317e-007 3.88375e-006 1.317e-007 5.85352e-006 
h  0 0 0 0 0 0 0 0 0 
b  3.91202 3.91202 3.91202 3.91202 3.91202 3.91202 3.91202 3.91202 3.91202 
c  0.739897 0.920089 0.583909 
vif  0.0893454 0.0890272 0.0868339 
sum_w  11.5765
sum_e_cv2  0.0800598
sum_e2  0.036323
n_data  68.5722
trustworthy  1
lambda  0.999001
mean_x	 0.661271 0.843244 0.514212 
var_x  0.0164825 0.0140981 0.0159603 
w  0
erased  0


[RF7]
D  23.6889 -5.80052e-005 0.000613337 -5.80052e-005 23.6874 0.000101979 0.000613337 0.000101979 23.6878 
M  4.86712 -1.19178e-005 0.000126016 0 4.86697 2.09536e-005 0 0 4.86701 
alpha  50 50 50 50 50 50 50 50 50 
b0  -0.750577 0.346789 -0.912675 
P  13.177 -2.47459 -0.695423 -2.47459 8.96205 0.195569 -0.695423 0.195569 3.34821 
B  -0.257628 0.153809 0.593771 0.237198 0.652986 -0.218645 0.138578 0.439253 -0.0658045 
H  6.19329e-006 0.000261053 5.60588e-005 -0.000727673 -0.000178723 0.000920939 0.000172695 0.000775796 -0.000488165 
R  1.71533e-006 -1.4637e-007 7.53091e-007 -1.4637e-007 2.82954e-006 -4.20974e-007 7.53091e-007 -4.20974e-007 5.69566e-006 
h  0 0 0 0 0 0 0 0 0 
b  3.91202 3.91202 3.91202 3.91202 3.91202 3.91202 3.91202 3.91202 3.91202 
c  -0.148051 0.84862 -0.00353377 
vif  0.118871 0.117718 0.112851 
sum_w  8.96079
sum_e_cv2  0.00993306
sum_e2  0.00683248
n_data  97.9225
trustworthy  1
lambda  0.999001
mean_x	 0.0478873 0.720538 -0.0313225 
var_x  0.00902113 0.0131352 0.0337049 
w  0.00838311
erased  0


[RF8]
D  24.7408 -0.000123427 -6.23283e-005 -0.000123427 24.7418 0.000190292 -6.23283e-005 0.000190292 24.7437 
M  4.97401 -2.48143e-005 -1.25308e-005 0 4.97411 3.82563e-005 0 0 4.9743 
alpha  50 50 50 50 50 50 50 50 50 
b0  -0.869914 0.5026 -0.462553 
P  10.6283 -0.146549 -1.08365 -0.146549 9.25488 -0.402267 -1.08365 -0.402267 4.07169 
B  -0.140054 0.208544 0.897454 0.351545 0.939957 -0.344521 0.239634 0.507962 -0.247491 
H  1.28487e-005 3.05963e-005 -4.57624e-005 -0.000165814 -0.000101894 0.000112828 0.000205045 0.000546605 -0.000355248 
R  7.75157e-007 8.70251e-008 1.23706e-006 8.70251e-008 6.21673e-007 5.05659e-007 1.23706e-006 5.05659e-007 3.90127e-006 
h  0 0 0 0 0 0 0 0 0 
b  3.91202 3.91202 3.91202 3.91202 3.91202 3.91202 3.91202 3.91202 3.91202 
c  0.800987 0.922021 -0.117111 
vif  0.118062 0.115354 0.118545 
sum_w  8.71227
sum_e_cv2  0.0151118
sum_e2  0.00828948
n_data  87.939
trustworthy  1
lambda  0.999001
mean_x	 0.653012 0.789229 -0.0988921 
var_x  0.0111083 0.0124641 0.0291145 
w  0
erased  0


[RF9]
D  24.9985 1.07601e-006 -1.64388e-006 1.07601e-006 24.9985 -2.16879e-007 -1.64388e-006 -2.16879e-007 24.9985 
M  4.99985 2.15209e-007 -3.28785e-007 0 4.99985 -4.33771e-008 0 0 4.99985 
alpha  50 50 50 50 50 50 50 50 50 
b0  -0.870609 -0.570791 -0.343324 
P  2.06854 0.266435 -0.20721 0.266435 3.88532 -0.192111 -0.20721 -0.192111 2.44691 
B  -0.111653 -0.107305 0.841883 -0.212377 0.694789 -0.0239078 -0.139349 0.424801 -0.0594911 
H  -1.57049e-007 -1.54321e-006 -1.48619e-006 -6.11053e-007 1.35056e-007 -3.73079e-007 1.5142e-006 -3.37708e-006 -6.62378e-007 
R  1.56199e-008 -1.03818e-009 2.66045e-009 -1.03818e-009 4.31009e-009 1.14449e-009 2.66045e-009 1.14449e-009 7.85019e-009 
h  0 0 0 0 0 0 0 0 0 
b  3.91202 3.91202 3.91202 3.91202 3.91202 3.91202 3.91202 3.91202 3.91202 
c  0.563638 -0.292703 -0.519344 
vif  0.0778848 0.0775251 0.0774977 
sum_w  13.0522
sum_e_cv2  0.0437419
sum_e2  0.00686885
n_data  100.626
trustworthy  1
lambda  0.999001
mean_x	 0.544734 -0.251339 -0.473958 
var_x  0.0376521 0.0199533 0.0316716 
w  0
erased  0


[RF10]
D  23.9329 -0.000291575 0.000166542 -0.000291575 23.9347 -0.000404368 0.000166542 -0.000404368 23.9315 
M  4.89213 -5.96008e-005 3.40428e-005 0 4.89231 -8.26535e-005 0 0 4.89198 
alpha  50 50 50 50 50 50 50 50 50 
b0  -0.800451 0.0567904 -0.885937 
P  5.57265 -0.935414 0.230158 -0.935414 3.14144 -0.956087 0.230158 -0.956087 2.94222 
B  -0.266192 0.0782745 0.674361 0.113068 0.694627 -0.187999 0.0542441 0.478593 -0.0638066 
H  7.44422e-005 -0.000523987 -3.44578e-005 0.000529637 -0.000241574 0.000173519 0.000964577 0.000637774 -0.000677705 
R  5.29211e-006 2.69134e-006 -1.60481e-006 2.69134e-006 7.48408e-006 7.35688e-007 -1.60481e-006 7.35688e-007 4.81284e-006 
h  0 0 0 0 0 0 0 0 0 
b  3.91202 3.91202 3.91202 3.91202 3.91202 3.91202 3.91202 3.91202 3.91202 
c  -0.111757 0.557849 -0.394693 
vif  0.0688587 0.0761693 0.0725968 
sum_w  15.2898
sum_e_cv2  0.0160672
sum_e2  0.0103043
n_data  106.01
trustworthy  1
lambda  0.999001
mean_x	 -0.00631901 0.517053 -0.352437 
var_x  0.0123566 0.0242467 0.0246742 
w  0.514271
erased  0


[RF11]
D  24.9843 4.57862e-005 -2.02662e-005 4.57862e-005 24.9844 2.40203e-005 -2.02662e-005 2.40203e-005 24.9842 
M  4.99843 9.16011e-006 -4.05451e-006 0 4.99844 4.80556e-006 0 0 4.99842 
alpha  50 50 50 50 50 50 50 50 50 
b0  -0.831719 0.506196 -0.548576 
P  3.57576 0.0717677 -0.219992 0.0717677 1.92615 -0.293919 -0.219992 -0.293919 1.92433 
B  -0.145263 0.175367 0.813639 0.376333 0.929319 -0.326768 0.233631 0.470685 -0.294544 
H  -5.60901e-006 2.38939e-005 -1.91684e-005 -2.35048e-005 1.42093e-005 -2.7576e-006 -4.87629e-005 2.04592e-005 -1.92814e-006 
R  3.57815e-007 1.21806e-008 3.53938e-007 1.21806e-008 4.2058e-007 1.39453e-007 3.53938e-007 1.39453e-007 8.2454e-007 
h  0 0 0 0 0 0 0 0 0 
b  3.91202 3.91202 3.91202 3.91202 3.91202 3.91202 3.91202 3.91202 3.91202 
c  0.706298 0.560166 0.338846 
vif  0.072057 0.0732576 0.0737213 
sum_w  13.9792
sum_e_cv2  0.0980229
sum_e2  0.0292781
n_data  137.642
trustworthy  1
lambda  0.999001
mean_x	 0.609774 0.586356 0.317505 
var_x  0.0201515 0.0380332 0.0383101 
w  0
erased  0


[RF12]
D  24.077 0.000316367 0.000517628 0.000316367 24.0765 0.00145525 0.000517628 0.00145525 24.0772 
M  4.90683 6.44747e-005 0.000105491 0 4.90679 0.000296577 0 0 4.90685 
alpha  50 50 50 50 50 50 50 50 50 
b0  -0.821421 0.33511 -0.747661 
P  1.28841 0.0453965 -0.0559024 0.0453965 1.66135 0.0647336 -0.0559024 0.0647336 1.38781 
B  -0.230312 0.172972 0.697945 0.250605 0.796053 -0.210304 0.174377 0.431949 -0.155098 
H  9.06271e-005 -0.000863464 -0.000596622 0.000202125 0.000292236 -0.000858964 0.000932646 -0.000153926 -0.000919636 
R  2.69072e-005 -8.54141e-007 8.35806e-007 -8.54141e-007 1.33988e-005 6.8704e-006 8.35806e-007 6.8704e-006 2.0943e-005 
h  0 0 0 0 0 0 0 0 0 
b  3.91202 3.91202 3.91202 3.91202 3.91202 3.91202 3.91202 3.91202 3.91202 
c  0.263401 0.603691 0.0713977 
vif  0.0432787 0.0432817 0.0433158 
sum_w  23.1715
sum_e_cv2  0.0503153
sum_e2  0.0336883
n_data  180.552
trustworthy  1
lambda  0.999002
mean_x	 0.270776 0.593255 0.0578828 
var_x  0.0335909 0.0260522 0.0312117 
w  0.0213626
erased  0


[RF13]
D  23.4771 0.000516829 -0.000343408 0.000516829 23.4788 0.000317585 -0.000343408 0.000317585 23.4774 
M  4.84532 0.000106666 -7.08743e-005 0 4.84549 6.55439e-005 0 0 4.84535 
alpha  50 50 50 50 50 50 50 50 50 
b0  -0.849081 -0.281411 -0.710858 
P  3.19897 0.713542 -0.306059 0.713542 2.42785 -0.153239 -0.306059 -0.153239 1.68306 
B  -0.261459 -0.0225483 0.759847 -0.0737205 0.723294 -0.110231 -0.0564919 0.460768 -0.0922984 
H  0.000736559 0.00010891 -0.0016976 -0.000606751 0.00250618 0.000800846 -0.000236483 0.000543858 -0.00024702 
R  1.25485e-005 -4.14866e-006 1.20515e-006 -4.14866e-006 1.51977e-005 -6.42135e-007 1.20515e-006 -6.42135e-007 1.39742e-005 
h  0 0 0 0 0 0 0 0 0 
b  3.91202 3.91202 3.91202 3.91202 3.91202 3.91202 3.91202 3.91202 3.91202 
c  0.066839 -0.0837029 -0.196993 
vif  0.0662789 0.0655022 0.062292 
sum_w  16.3692
sum_e_cv2  0.014614
sum_e2  0.0106863
n_data  146.228
trustworthy  1
lambda  0.999001
mean_x	 0.144431 -0.05821 -0.182603 
var_x  0.0207188 0.0269795 0.0370112 
w  0.0111149
erased  0


[RF14]
D  24.6017 -0.000147221 -7.57753e-005 -0.000147221 24.6062 -0.000474818 -7.57753e-005 -0.000474818 24.6035 
M  4.96001 -2.96816e-005 -1.52773e-005 0 4.96046 -9.57206e-005 0 0 4.96019 
alpha  50 50 50 50 50 50 50 50 50 
b0  -0.912454 0.282957 -0.487384 
P  9.78851 1.52979 1.01116 1.52979 24.4905 -2.65588 1.01116 -2.65588 9.62018 
B  -0.209171 0.159522 0.913796 0.145408 0.912178 -0.310831 0.105297 0.525995 -0.169555 
H  5.22756e-005 -0.000406195 0.000196685 -7.86631e-005 4.88979e-005 -2.01898e-005 -0.000199535 0.000267764 1.45873e-005 
R  1.48922e-006 -3.26296e-007 -1.43899e-006 -3.26296e-007 3.93162e-007 3.21714e-007 -1.43899e-006 3.21714e-007 2.38237e-006 
h  0 0 0 0 0 0 0 0 0 
b  3.91202 3.91202 3.91202 3.91202 3.91202 3.91202 3.91202 3.91202 3.91202 
c  0.58448 0.93374 -0.614778 
vif  0.268575 0.273857 0.274161 
sum_w  3.81855
sum_e_cv2  0.00498791
sum_e2  0.00253145
n_data  53.5414
trustworthy  1
lambda  0.999
mean_x	 0.538924 0.782218 -0.472315 
var_x  0.0274377 0.0111822 0.0284985 
w  0.00321086
erased  0


[RF15]
D  24.9977 -2.27666e-006 -9.30873e-007 -2.27666e-006 24.9977 2.98486e-006 -9.30873e-007 2.98486e-006 24.9977 
M  4.99977 -4.55352e-007 -1.86183e-007 0 4.99977 5.97e-007 0 0 4.99977 
alpha  50 50 50 50 50 50 50 50 50 
b0  -0.800154 -0.799577 -0.0875436 
P  24.4838 4.75705 10.9318 4.75705 12.8903 -0.688996 10.9318 -0.688996 15.6971 
B  -0.00417982 -0.144638 0.842091 -0.322687 0.617398 0.0407804 -0.242423 0.416652 -0.06501 
H  -7.81907e-007 -7.64801e-007 -1.17613e-006 1.03834e-006 4.12611e-006 -6.31113e-006 4.05163e-007 5.73808e-007 5.71449e-007 
R  5.96342e-009 -6.30889e-009 -3.87681e-009 -6.30889e-009 2.44099e-008 3.61747e-009 -3.87681e-009 3.61747e-009 4.91006e-009 
h  0 0 0 0 0 0 0 0 0 
b  3.91202 3.91202 3.91202 3.91202 3.91202 3.91202 3.91202 3.91202 3.91202 
c  0.883277 -0.343053 -0.882462 
vif  0.4034 0.278617 0.375356 
sum_w  4.11816
sum_e_cv2  0.00554812
sum_e2  0.00118221
n_data  37.3055
trustworthy  1
lambda  0.999
mean_x	 0.831924 -0.325177 -0.794307 
var_x  0.0164762 0.0216145 0.0239125 
w  0
erased  0


[RF16]
D  24.3849 -0.000337836 -0.000325998 -0.000337836 24.385 0.000228677 -0.000325998 0.000228677 24.3846 
M  4.93811 -6.84141e-005 -6.60167e-005 0 4.93812 4.63077e-005 0 0 4.93807 
alpha  50 50 50 50 50 50 50 50 50 
b0  -0.921332 -0.337653 -0.40328 
P  3.08804 1.37135 -0.0173213 1.37135 8.62276 -1.52839 -0.0173213 -1.52839 3.10685 
B  -0.130954 -0.117898 0.852704 -0.0933321 0.745064 -0.0941304 -0.0552159 0.428931 -0.130462 
H  0.000636353 4.16835e-005 0.000219116 -0.000232039 -0.000132919 -0.000330469 -0.000305762 -0.000158051 -0.00027136 
R  8.14529e-006 -3.67423e-006 -3.52677e-006 -3.67423e-006 2.35378e-006 1.88119e-006 -3.52677e-006 1.88119e-006 3.71365e-006 
h  0 0 0 0 0 0 0 0 0 
b  3.91202 3.91202 3.91202 3.91202 3.91202 3.91202 3.91202 3.91202 3.91202 
c  0.55124 -0.397783 0.123474 
vif  0.112854 0.12363 0.114902 
sum_w  9.59449
sum_e_cv2  0.00733165
sum_e2  0.0049544
n_data  102.424
trustworthy  1
lambda  0.999001
mean_x	 0.535535 -0.248873 0.0686831 
var_x  0.0365455 0.0143377 0.0369836 
w  0
erased  0


[RF17]
D  24.106 0.00041026 0.000152762 0.00041026 24.1072 0.000846304 0.000152762 0.000846304 24.1062 
M  4.90979 8.35597e-005 3.11137e-005 0 4.90991 0.000172366 0 0 4.9098 
alpha  50 50 50 50 50 50 50 50 50 
b0  -0.782345 0.22425 -0.885514 
P  6.23525 0.282659 1.13315 0.282659 2.43504 -0.0780723 1.13315 -0.0780723 3.71569 
B  -0.253094 0.0210517 0.585542 0.181303 0.70442 -0.153305 0.111127 0.361186 -0.123539 
H  -3.6166e-005 0.000119093 0.000282166 0.000687625 0.000462671 -0.000671557 -0.000145637 -0.00024577 0.000121734 
R  1.56482e-006 -3.43034e-007 -6.04679e-007 -3.43034e-007 5.95941e-006 9.9441e-007 -6.04679e-007 9.9441e-007 4.52355e-006 
h  0 0 0 0 0 0 0 0 0 
b  3.91202 3.91202 3.91202 3.91202 3.91202 3.91202 3.91202 3.91202 3.91202 
c  -0.10493 0.328374 0.329657 
vif  0.100983 0.0954504 0.100519 
sum_w  10.5529
sum_e_cv2  0.0139112
sum_e2  0.00876082
n_data  117.564
trustworthy  1
lambda  0.999001
mean_x	 0.0381543 0.347291 0.319674 
var_x  0.0161955 0.0391986 0.0270526 
w  0
erased  0


[RF18]
D  23.6253 -0.000121811 -0.00086306 -0.000121811 23.6244 0.000990395 -0.00086306 0.000990395 23.6239 
M  4.86058 -2.50609e-005 -0.000177563 0 4.86049 0.000203763 0 0 4.86044 
alpha  50 50 50 50 50 50 50 50 50 
b0  -0.855888 -0.41113 -0.601461 
P  4.48808 0.125695 0.327389 0.125695 2.55986 -0.260298 0.327389 -0.260298 7.4302 
B  -0.229233 -0.0595112 0.830082 -0.140826 0.697052 -0.0907205 -0.0875625 0.418506 -0.0629815 
H  -0.000179999 0.000271352 0.000355325 -6.32425e-005 -0.000984012 0.000238929 0.00035178 7.94209e-005 0.000114002 
R  3.81737e-006 4.93711e-007 -9.61277e-007 4.93711e-007 6.42689e-006 1.37772e-007 -9.61277e-007 1.37772e-007 2.91551e-006 
h  0 0 0 0 0 0 0 0 0 
b  3.91202 3.91202 3.91202 3.91202 3.91202 3.91202 3.91202 3.91202 3.91202 
c  0.226389 0.0288455 -0.761345 
vif  0.109308 0.109346 0.109548 
sum_w  9.1931
sum_e_cv2  0.00854264
sum_e2  0.00589253
n_data  89.7624
trustworthy  1
lambda  0.999001
mean_x	 0.242324 0.0236329 -0.612629 
var_x  0.0243552 0.0427157 0.0147436 
w  0.0253745
erased  0


[RF19]
D  24.4273 5.46672e-005 0.000517501 5.46672e-005 24.4256 0.000459031 0.000517501 0.000459031 24.4262 
M  4.9424 1.10609e-005 0.000104707 0 4.94222 9.28793e-005 0 0 4.94229 
alpha  50 50 50 50 50 50 50 50 50 
b0  -0.661929 0.688291 -0.814918 
P  3.84354 -2.17497 -0.966658 -2.17497 11.1392 -1.60982 -0.966658 -1.60982 7.11605 
B  -0.132219 0.281429 0.558313 0.529256 0.784635 -0.230853 0.322691 0.404561 -0.237062 
H  -5.42786e-005 -0.000200668 0.00020833 0.000599304 2.92172e-005 0.000424201 0.000546911 -0.000414073 0.000170905 
R  4.8402e-006 4.1456e-006 4.08685e-006 4.1456e-006 9.39256e-006 6.79387e-006 4.08685e-006 6.79387e-006 6.55384e-006 
h  0 0 0 0 0 0 0 0 0 
b  3.91202 3.91202 3.91202 3.91202 3.91202 3.91202 3.91202 3.91202 3.91202 
c  0.294306 0.956147 0.483763 
vif  0.136232 0.136024 0.125275 
sum_w  8.87076
sum_e_cv2  0.0141302
sum_e2  0.0084165
n_data  85.1971
trustworthy  1
lambda  0.999001
mean_x	 0.364709 0.801416 0.441936 
var_x  0.0354443 0.0122113 0.0176046 
w  0
erased  0


[RF20]
D  24.8278 -4.93631e-005 5.99684e-006 -4.93631e-005 24.8279 8.74469e-005 5.99684e-006 8.74469e-005 24.828 
M  4.98275 -9.9068e-006 1.20352e-006 0 4.98276 1.75499e-005 0 0 4.98277 
alpha  50 50 50 50 50 50 50 50 50 
b0  -0.950889 -0.322844 -0.23033 
P  128.9 -11.5206 25.6599 -11.5206 124.879 -69.0852 25.6599 -69.0852 69.2694 
B  -0.100633 -0.118118 0.850422 -0.108601 0.719261 -0.12329 -0.0554064 0.474816 -0.10973 
H  9.96e-006 -2.18223e-005 -1.01931e-005 -6.84947e-006 2.26976e-005 -6.80172e-006 -1.12062e-005 4.48225e-005 -9.67809e-006 
R  1.86223e-008 -1.0726e-008 -2.41597e-008 -1.0726e-008 2.46809e-008 3.52502e-008 -2.41597e-008 3.52502e-008 5.81897e-008 
h  0 0 0 0 0 0 0 0 0 
b  3.91202 3.91202 3.91202 3.91202 3.91202 3.91202 3.91202 3.91202 3.91202 
c  0.916338 -0.461655 0.342616 
vif  1.04603 2.16147 2.31431 
sum_w  1.06362
sum_e_cv2  0.000899511
sum_e2  0.000373656
n_data  23.7261
trustworthy  1
lambda  0.999
mean_x	 0.750054 -0.238792 0.147042 
var_x  0.008115 0.0173085 0.0334103 
w  0
erased  0


[RF21]
D  24.0154 -7.55976e-005 0.000137504 -7.55976e-005 24.0213 0.00179132 0.000137504 0.00179132 24.0164 
M  4.90055 -1.54263e-005 2.80589e-005 0 4.90115 0.00036549 0 0 4.90065 
alpha  50 50 50 50 50 50 50 50 50 
b0  -0.95124 0.117306 -0.356346 
P  28.4139 5.04555 -2.5703 5.04555 12.4844 -1.29453 -2.5703 -1.29453 6.46887 
B  -0.207511 0.0517195 0.990818 0.0776097 0.916182 -0.166733 0.0503396 0.517147 -0.209435 
H  -6.73393e-005 -6.13854e-005 0.000134799 -6.27033e-005 -1.41152e-005 7.18276e-005 1.92095e-005 2.79456e-005 -0.000274429 
R  3.50361e-007 1.15449e-007 -9.68468e-007 1.15449e-007 3.43748e-007 -4.51965e-007 -9.68468e-007 -4.51965e-007 3.93059e-006 
h  0 0 0 0 0 0 0 0 0 
b  3.91202 3.91202 3.91202 3.91202 3.91202 3.91202 3.91202 3.91202 3.91202 
c  0.813924 0.467836 -0.300674 
vif  0.421508 0.414969 0.399549 
sum_w  2.62162
sum_e_cv2  0.00539834
sum_e2  0.00212669
n_data  50.6962
trustworthy  1
lambda  0.999
mean_x	 0.637519 0.444444 -0.210472 
var_x  0.0148346 0.033239 0.0617648 
w  0.00168588
erased  0


[RF22]
D  24.4571 5.11493e-005 -1.78874e-005 5.11493e-005 24.4578 0.000664693 -1.78874e-005 0.000664693 24.4571 
M  4.94541 1.03428e-005 -3.61697e-006 0 4.94548 0.000134404 0 0 4.94542 
alpha  50 50 50 50 50 50 50 50 50 
b0  -0.732726 0.451495 -0.873336 
P  14.0626 -4.32807 -3.35444 -4.32807 20.6122 -5.18194 -3.35444 -5.18194 49.025 
B  -0.182936 0.215348 0.59427 0.361803 0.78548 -0.240408 0.13062 0.35007 -0.168976 
H  2.49217e-006 -1.0216e-006 9.55615e-007 3.83621e-006 1.34246e-006 -4.8778e-006 -1.68931e-007 7.76625e-007 5.23274e-006 
R  7.88181e-009 5.8808e-009 -6.99361e-010 5.8808e-009 1.39699e-008 -4.07739e-009 -6.99361e-010 -4.07739e-009 4.88398e-009 
h  0 0 0 0 0 0 0 0 0 
b  3.91202 3.91202 3.91202 3.91202 3.91202 3.91202 3.91202 3.91202 3.91202 
c  0.249567 0.457404 0.646589 
vif  0.442391 0.44705 0.425097 
sum_w  2.49506
sum_e_cv2  0.00579163
sum_e2  0.00146527
n_data  24.7023
trustworthy  1
lambda  0.999
mean_x	 0.174954 0.526383 0.516444 
var_x  0.0314587 0.0216886 0.00867103 
w  0
erased  0


[ENDINI]
