[RFNET]

n_in  3
n_out  3
diag_only  0
meta  0
meta_rate  0
penalty  1e-010
init_alpha  50 50 50 50 50 50 50 50 50 
norm  0.5 0.5 700 
norm_out  0.5 1 1 
n_data  84
w_gen  0.1
w_prune  0.9
init_lambda  0.999
final_lambda  0.9999
tau_lambda  0.99999
init_P  1e+010
n_pruned  0
init_D  25 0 0 0 25 0 0 0 25 
init_M  5 0 0 0 5 0 0 0 5 
mean_x  -0.0197596 -0.260619 431.298 
var_x  0.0230141 0.00144908 986.511 
kernel  Gaussian
numero_rfs  3

[RF1]
D  25.0029 0.00026413 4.28933e-005 0.00026413 24.9994 -0.000176818 4.28933e-005 -0.000176818 24.9998 
M  5.00029 5.2823e-005 8.57817e-006 0 4.99994 -3.5364e-005 0 0 4.99998 
alpha  50 50 50 50 50 50 50 50 50 
b0  -0.301498 0.0214217 0.0285086 
P  22.1693 44.0092 -72.8516 44.0092 218.273 -386.102 -72.8516 -386.102 814.605 
B  0.0394822 1.24427 -1.25539 0.523113 0.618335 -1.37847 1.57521 3.0601 -5.37352 
H  2.85437e-006 2.37423e-005 -4.04139e-005 -5.102e-006 4.16356e-005 -5.71648e-005 -2.90284e-006 2.7595e-005 -3.84988e-005 
R  3.18776e-007 4.73303e-007 3.0737e-007 4.73303e-007 8.23091e-007 5.29349e-007 3.0737e-007 5.29349e-007 3.41468e-007 
h  0 0 0 0 0 0 0 0 0 
b  3.91202 3.91202 3.91202 3.91202 3.91202 3.91202 3.91202 3.91202 3.91202 
c  -0.736848 -0.32641 0.727133 
vif  0.358966 1.5686 1.33231 
sum_w  4.71212
sum_e_cv2  0.299268
sum_e2  0.0911017
n_data  39.23
trustworthy  1
lambda  0.999
mean_x	 -0.495831 -0.413872 0.651869 
var_x  0.016192 0.00718641 0.00163553 
w  0.025564
erased  0


[RF2]
D  25.0391 0.00453409 0.00551393 0.00453409 25.0197 0.00316319 0.00551393 0.00316319 25.0037 
M  5.00391 0.000906111 0.00110192 0 5.00197 0.000632188 0 0 5.00037 
alpha  50 50 50 50 50 50 50 50 50 
b0  -0.368474 0.169854 0.0155748 
P  1.86099 3.4718 -4.6998 3.4718 30.8251 -43.9144 -4.6998 -43.9144 85.8917 
B  0.00860442 1.1071 -0.960213 0.507318 1.14593 -2.04289 1.43641 2.89011 -5.42634 
H  -0.00233279 -0.0190219 0.0328694 -0.000886594 0.00497018 -0.00661336 -8.92345e-005 0.000906677 -0.000861427 
R  0.0014403 -1.45897e-005 0.000134612 -1.45897e-005 0.000428147 0.000191881 0.000134612 0.000191881 0.000111994 
h  0 0 0 0 0 0 0 0 0 
b  3.91202 3.91202 3.91202 3.91202 3.91202 3.91202 3.91202 3.91202 3.91202 
c  -0.339774 -0.53367 0.637999 
vif  0.0441306 0.14002 0.128334 
sum_w  28.7386
sum_e_cv2  0.703581
sum_e2  0.481102
n_data  71.3638
trustworthy  1
lambda  0.999001
mean_x	 -0.254483 -0.492183 0.631594 
var_x  0.0237136 0.00454242 0.00149413 
w  0.891776
erased  0


[RF3]
D  25.0394 -0.00667305 -0.00292469 -0.00667305 25.0047 0.00106371 -0.00292469 0.00106371 25.0011 
M  5.00394 -0.00133356 -0.000584478 0 5.00047 0.000212566 0 0 5.00011 
alpha  50 50 50 50 50 50 50 50 50 
b0  -0.501033 0.602533 -0.187844 
P  3.96486 7.03739 2.29385 7.03739 69.7026 -56.3051 2.29385 -56.3051 111.45 
B  -0.0976132 1.30201 -1.40206 0.759685 2.25727 -3.93003 1.44279 3.11105 -5.87907 
H  -0.00187675 -0.0073772 0.0125515 -0.000114366 0.00167261 -0.00244502 -0.000303736 0.000582279 -0.000691774 
R  0.00167153 -0.000344583 -0.000145096 -0.000344583 9.30657e-005 4.02581e-005 -0.000145096 4.02581e-005 2.4637e-005 
h  0 0 0 0 0 0 0 0 0 
b  3.91202 3.91202 3.91202 3.91202 3.91202 3.91202 3.91202 3.91202 3.91202 
c  0.433818 -0.573006 0.587248 
vif  0.0891149 0.148764 0.123577 
sum_w  19.4341
sum_e_cv2  0.500341
sum_e2  0.345009
n_data  61.0868
trustworthy  1
lambda  0.999001
mean_x	 0.321382 -0.576663 0.587054 
var_x  0.0224762 0.00213427 0.0011088 
w  0.00197577
erased  0


[ENDINI]
