[RFNET]

n_in  3
n_out  3
diag_only  0
meta  0
meta_rate  0
penalty  1e-007
init_alpha  50 50 50 50 50 50 50 50 50 
norm  0.5 0.5 700 
norm_out  0.5 1 1 
n_data  160
w_gen  0.1
w_prune  0.9
init_lambda  0.999
final_lambda  0.9999
tau_lambda  0.99999
init_P  1e+010
n_pruned  0
init_D  25 0 0 0 25 0 0 0 25 
init_M  5 0 0 0 5 0 0 0 5 
mean_x  0.021089 -0.270289 507.012 
var_x  0.0253288 0.0037911 1390.33 
kernel  Gaussian
numero_rfs  5

[RF1]
D  24.9949 0.000893656 0.000254379 0.000893656 24.9981 -0.000178343 0.000254379 -0.000178343 24.9995 
M  4.99949 0.00017875 5.08809e-005 0 4.99981 -3.56718e-005 0 0 4.99995 
alpha  50 50 50 50 50 50 50 50 50 
b0  -0.35633 -0.0292802 0.167251 
P  1.28177 1.1247 -2.27269 1.1247 6.05529 -8.12617 -2.27269 -8.12617 27.6235 
B  0.070202 1.08754 -0.845914 0.793274 1.65485 -2.71297 0.574471 1.55924 -2.75692 
H  -0.000357731 0.000347129 0.000149745 -0.000209924 -0.000988721 0.00137727 -8.14857e-005 3.24553e-005 -1.26203e-006 
R  9.17124e-005 -1.10671e-005 1.25534e-005 -1.10671e-005 5.55684e-005 1.69805e-005 1.25534e-005 1.69805e-005 1.29501e-005 
h  0 0 0 0 0 0 0 0 0 
b  3.91202 3.91202 3.91202 3.91202 3.91202 3.91202 3.91202 3.91202 3.91202 
c  -0.358368 -0.438242 0.754476 
vif  0.0300804 0.0424514 0.0416014 
sum_w  41.0509
sum_e_cv2  1.10973
sum_e2  0.53692
n_data  121.968
trustworthy  1
lambda  0.999001
mean_x	 -0.269005 -0.503424 0.736614 
var_x  0.0234678 0.00701063 0.00150602 
w  0.101094
erased  0


[RF2]
D  24.9879 0.00483534 0.000464772 0.00483534 24.9996 -1.96712e-005 0.000464772 -1.96712e-005 25.0018 
M  4.99879 0.000967303 9.2977e-005 0 4.99996 -3.95226e-006 0 0 5.00018 
alpha  50 50 50 50 50 50 50 50 50 
b0  -0.402453 0.391036 -0.0614497 
P  0.666884 -0.011391 0.598665 -0.011391 8.44003 -5.18298 0.598665 -5.18298 12.9167 
B  -0.0405627 1.00296 -0.815512 0.737631 1.59807 -2.50427 0.792903 3.01946 -5.16228 
H  0.0027902 -0.00282132 0.00372233 -0.000592793 -0.000221074 0.000616213 -0.00157673 0.00310117 -0.00364741 
R  0.00148108 2.02954e-005 -0.00017489 2.02954e-005 0.000137643 7.23086e-005 -0.00017489 7.23086e-005 0.000205615 
h  0 0 0 0 0 0 0 0 0 
b  3.91202 3.91202 3.91202 3.91202 3.91202 3.91202 3.91202 3.91202 3.91202 
c  0.299954 -0.566292 0.75751 
vif  0.0197252 0.0250861 0.0261745 
sum_w  53.5877
sum_e_cv2  1.78763
sum_e2  1.17871
n_data  135.049
trustworthy  1
lambda  0.999001
mean_x	 0.253079 -0.561274 0.726729 
var_x  0.0295782 0.00297227 0.00202642 
w  0.47696
erased  0


[RF3]
D  24.9815 0.000404904 0.000381298 0.000404904 25.0001 -0.000114051 0.000381298 -0.000114051 24.9999 
M  4.99815 8.10108e-005 7.62878e-005 0 5.00001 -2.28114e-005 0 0 4.99999 
alpha  50 50 50 50 50 50 50 50 50 
b0  -0.476664 0.681376 -0.235526 
P  9.81668 -0.785062 0.989828 -0.785062 100.277 -56.0333 0.989828 -56.0333 249.415 
B  -0.205362 0.984408 -0.875816 1.00115 0.186241 -0.301462 0.936812 4.97622 -8.40408 
H  -0.000222709 -0.000606838 0.000934672 0.000172316 -8.60396e-005 7.54776e-005 4.3129e-005 0.000109384 -0.000204196 
R  3.07396e-005 5.92933e-006 -1.93617e-006 5.92933e-006 5.08259e-006 1.13957e-006 -1.93617e-006 1.13957e-006 9.55289e-007 
h  0 0 0 0 0 0 0 0 0 
b  3.91202 3.91202 3.91202 3.91202 3.91202 3.91202 3.91202 3.91202 3.91202 
c  0.892098 -0.612818 0.720557 
vif  0.187665 0.21452 0.214472 
sum_w  5.33273
sum_e_cv2  0.139504
sum_e2  0.0448232
n_data  51.6456
trustworthy  1
lambda  0.999
mean_x	 0.631769 -0.569105 0.706331 
var_x  0.019117 0.00213927 0.000859898 
w  0
erased  0


[RF4]
D  25.0426 0.0125518 0.00550121 0.0125518 25.0177 0.00587206 0.00550121 0.00587206 25.0124 
M  5.00426 0.00250822 0.00109931 0 5.00176 0.00117345 0 0 5.00124 
alpha  50 50 50 50 50 50 50 50 50 
b0  -0.456908 -0.0177331 0.353976 
P  1.94855 0.315016 -0.584409 0.315016 13.8868 -20.0066 -0.584409 -20.0066 52.9637 
B  0.026615 0.94668 -0.671199 0.93737 1.26656 -2.17292 0.668137 1.99273 -3.43507 
H  -0.000312365 -0.000375701 0.00112967 -0.000127069 -0.00179887 0.00306863 -0.000162779 -0.000731246 0.00160152 
R  0.000177899 6.87901e-005 2.10605e-005 6.87901e-005 0.000140757 5.06435e-005 2.10605e-005 5.06435e-005 3.19054e-005 
h  0 0 0 0 0 0 0 0 0 
b  3.91202 3.91202 3.91202 3.91202 3.91202 3.91202 3.91202 3.91202 3.91202 
c  -0.074522 -0.75859 0.575524 
vif  0.0581905 0.127247 0.127202 
sum_w  17.2545
sum_e_cv2  0.360179
sum_e2  0.225482
n_data  79.6887
trustworthy  1
lambda  0.999001
mean_x	 -0.0532415 -0.604644 0.706257 
var_x  0.0298635 0.00916319 0.00240167 
w  0.294146
erased  0


[RF5]
D  25 0 0 0 25 0 0 0 25 
M  5 0 0 0 5 0 0 0 5 
alpha  50 50 50 50 50 50 50 50 50 
b0  -0.28269 0.508234 -0.377108 
P  1e+010 0 0 0 1e+010 0 0 0 1e+010 
B  0 0 0 0 0 0 0 0 0 
H  0 0 0 0 0 0 0 0 0 
R  0 0 0 0 0 0 0 0 0 
h  0 0 0 0 0 0 0 0 0 
b  3.91202 3.91202 3.91202 3.91202 3.91202 3.91202 3.91202 3.91202 3.91202 
c  -0.180498 0.627944 0.400616 
vif  1e+010 1e+010 1e+010 
sum_w  0
sum_e_cv2  0
sum_e2  0
n_data  0
trustworthy  0
lambda  0.999
mean_x	 0 0 0 
var_x  0 0 0 
w  0
erased  0


[ENDINI]
