[RFNET]

n_in  3
n_out  3
diag_only  0
meta  0
meta_rate  0
penalty  0.0001
init_alpha  50 50 50 50 50 50 50 50 50 
norm  0.5 0.5 700 
norm_out  0.5 1 1 
n_data  160
w_gen  0.1
w_prune  0.9
init_lambda  0.999
final_lambda  0.9999
tau_lambda  0.99999
init_P  1e+010
n_pruned  0
init_D  25 0 0 0 25 0 0 0 25 
init_M  5 0 0 0 5 0 0 0 5 
mean_x  0.021089 -0.270289 507.012 
var_x  0.0252692 0.003748 1380.16 
kernel  Gaussian
numero_rfs  4

[RF1]
D  24.4172 0.00113794 0.000132886 0.00113794 24.4247 -0.00111554 0.000132886 -0.00111554 24.4279 
M  4.94138 0.000230288 2.68925e-005 0 4.94214 -0.000225722 0 0 4.94246 
alpha  50 50 50 50 50 50 50 50 50 
b0  -0.350755 -0.0419972 0.165048 
P  1.64303 1.43467 -3.07036 1.43467 7.23839 -9.43114 -3.07036 -9.43114 34.8554 
B  0.0671956 1.06001 -0.80608 0.7912 1.64679 -2.70088 0.603779 1.68193 -2.92059 
H  0.000644653 -0.00116205 0.00172723 -0.000819673 -6.77966e-006 -0.000231951 -0.000344357 -0.000746107 0.00059465 
R  0.000261216 -5.37516e-005 7.22496e-006 -5.37516e-005 8.17175e-005 1.92899e-005 7.22496e-006 1.92899e-005 2.21889e-005 
h  0 0 0 0 0 0 0 0 0 
b  3.91202 3.91202 3.91202 3.91202 3.91202 3.91202 3.91202 3.91202 3.91202 
c  -0.404184 -0.421176 0.785436 
vif  0.0362994 0.0468359 0.0463619 
sum_w  34.959
sum_e_cv2  0.792965
sum_e2  0.472166
n_data  114.911
trustworthy  1
lambda  0.999001
mean_x	 -0.295168 -0.496377 0.736137 
var_x  0.022093 0.00647049 0.00133012 
w  0.188933
erased  0


[RF2]
D  24.9555 0.000325666 -1.31817e-005 0.000325666 24.9623 -0.000217346 -1.31817e-005 -0.000217346 24.9628 
M  4.99554 6.51914e-005 -2.63869e-006 0 4.99623 -4.35019e-005 0 0 4.99628 
alpha  50 50 50 50 50 50 50 50 50 
b0  -0.377732 0.242717 0.0118857 
P  0.507981 0.278782 -0.0951163 0.278782 5.60425 -5.31552 -0.0951163 -5.31552 13.314 
B  0.00459952 1.04435 -0.848859 0.800059 1.78873 -2.8949 0.741317 2.24573 -3.83232 
H  5.11247e-005 -3.00079e-005 -1.36088e-005 -7.43638e-005 7.83698e-005 -0.000127021 -7.37434e-005 -3.47448e-005 4.29845e-005 
R  5.71309e-005 -2.44226e-007 -2.4766e-006 -2.44226e-007 5.18877e-006 2.35937e-006 -2.4766e-006 2.35937e-006 5.86573e-006 
h  0 0 0 0 0 0 0 0 0 
b  3.91202 3.91202 3.91202 3.91202 3.91202 3.91202 3.91202 3.91202 3.91202 
c  0.060218 -0.526714 0.773732 
vif  0.0171013 0.0274871 0.0267725 
sum_w  60.5408
sum_e_cv2  4.01558
sum_e2  1.31514
n_data  141.946
trustworthy  1
lambda  0.999001
mean_x	 0.0536138 -0.545486 0.738206 
var_x  0.0336652 0.00490469 0.00201085 
w  0.855515
erased  0


[RF3]
D  24.8143 0.00131938 -8.56152e-006 0.00131938 24.8313 -0.000182223 -8.56152e-006 -0.000182223 24.8318 
M  4.9814 0.000264862 -1.7187e-006 0 4.9831 -3.65681e-005 0 0 4.98315 
alpha  50 50 50 50 50 50 50 50 50 
b0  -0.425577 0.492119 -0.103969 
P  1.35976 -0.213829 1.26489 -0.213829 15.9753 -6.17494 1.26489 -6.17494 21.6858 
B  -0.117857 1.00313 -0.834794 0.695126 1.35538 -2.0669 0.822848 3.73986 -6.35899 
H  0.000239725 0.000413694 -0.000403603 -0.000256886 8.06961e-005 -1.27558e-005 -0.000259983 0.000221176 -0.000289244 
R  7.82915e-005 4.94318e-006 -1.72011e-005 4.94318e-006 9.50998e-006 9.40335e-007 -1.72011e-005 9.40335e-007 1.15207e-005 
h  0 0 0 0 0 0 0 0 0 
b  3.91202 3.91202 3.91202 3.91202 3.91202 3.91202 3.91202 3.91202 3.91202 
c  0.522842 -0.59457 0.729377 
vif  0.0304845 0.032396 0.0341825 
sum_w  34.7262
sum_e_cv2  1.47386
sum_e2  0.670698
n_data  106.904
trustworthy  1
lambda  0.999001
mean_x	 0.401557 -0.567085 0.715934 
var_x  0.022419 0.00202788 0.00157626 
w  0.0157311
erased  0


[RF4]
D  25 0 0 0 25 0 0 0 25 
M  5 0 0 0 5 0 0 0 5 
alpha  50 50 50 50 50 50 50 50 50 
b0  -0.28269 0.508234 -0.377108 
P  1e+010 0 0 0 1e+010 0 0 0 1e+010 
B  0 0 0 0 0 0 0 0 0 
H  0 0 0 0 0 0 0 0 0 
R  0 0 0 0 0 0 0 0 0 
h  0 0 0 0 0 0 0 0 0 
b  3.91202 3.91202 3.91202 3.91202 3.91202 3.91202 3.91202 3.91202 3.91202 
c  -0.180498 0.627944 0.400616 
vif  1e+010 1e+010 1e+010 
sum_w  0
sum_e_cv2  0
sum_e2  0
n_data  0
trustworthy  0
lambda  0.999
mean_x	 0 0 0 
var_x  0 0 0 
w  0
erased  0


[ENDINI]
