5 1 16 1 0
0.131878 0.134787 0.345804 0.186973 0.200558 
0.131930 0.172943 0.265042 0.220592 0.209493 
0.161730 0.129785 0.286970 0.258880 0.162636 
0.100775 0.218593 0.302833 0.218155 0.159644 
0.112935 0.168683 0.300685 0.257949 0.159749 
0.096409 0.167866 0.270487 0.302040 0.163198 
1.000000 
1.000000 
1.000000 
1.000000 
1.000000 
2.273027 3.098493 3.649671 3.924327 3.985587 3.924297 3.805858 3.664121 0.257045 0.407389 0.533323 0.588923 0.601505 0.602365 0.607602 0.623279 
6.026556 0.000000 0.000000 0.000000 0.000000 0.000000 0.000000 0.000000 0.000000 0.000000 0.000000 0.000000 0.000000 0.000000 0.000000 0.000000 
0.000000 4.623585 0.000000 0.000000 0.000000 0.000000 0.000000 0.000000 0.000000 0.000000 0.000000 0.000000 0.000000 0.000000 0.000000 0.000000 
0.000000 0.000000 3.114843 0.000000 0.000000 0.000000 0.000000 0.000000 0.000000 0.000000 0.000000 0.000000 0.000000 0.000000 0.000000 0.000000 
0.000000 0.000000 0.000000 2.226542 0.000000 0.000000 0.000000 0.000000 0.000000 0.000000 0.000000 0.000000 0.000000 0.000000 0.000000 0.000000 
0.000000 0.000000 0.000000 0.000000 2.095441 0.000000 0.000000 0.000000 0.000000 0.000000 0.000000 0.000000 0.000000 0.000000 0.000000 0.000000 
0.000000 0.000000 0.000000 0.000000 0.000000 2.428129 0.000000 0.000000 0.000000 0.000000 0.000000 0.000000 0.000000 0.000000 0.000000 0.000000 
0.000000 0.000000 0.000000 0.000000 0.000000 0.000000 3.004229 0.000000 0.000000 0.000000 0.000000 0.000000 0.000000 0.000000 0.000000 0.000000 
0.000000 0.000000 0.000000 0.000000 0.000000 0.000000 0.000000 3.687858 0.000000 0.000000 0.000000 0.000000 0.000000 0.000000 0.000000 0.000000 
0.000000 0.000000 0.000000 0.000000 0.000000 0.000000 0.000000 0.000000 4.222361 0.000000 0.000000 0.000000 0.000000 0.000000 0.000000 0.000000 
0.000000 0.000000 0.000000 0.000000 0.000000 0.000000 0.000000 0.000000 0.000000 4.336737 0.000000 0.000000 0.000000 0.000000 0.000000 0.000000 
0.000000 0.000000 0.000000 0.000000 0.000000 0.000000 0.000000 0.000000 0.000000 0.000000 4.412135 0.000000 0.000000 0.000000 0.000000 0.000000 
0.000000 0.000000 0.000000 0.000000 0.000000 0.000000 0.000000 0.000000 0.000000 0.000000 0.000000 4.692753 0.000000 0.000000 0.000000 0.000000 
0.000000 0.000000 0.000000 0.000000 0.000000 0.000000 0.000000 0.000000 0.000000 0.000000 0.000000 0.000000 5.042681 0.000000 0.000000 0.000000 
0.000000 0.000000 0.000000 0.000000 0.000000 0.000000 0.000000 0.000000 0.000000 0.000000 0.000000 0.000000 0.000000 5.302280 0.000000 0.000000 
0.000000 0.000000 0.000000 0.000000 0.000000 0.000000 0.000000 0.000000 0.000000 0.000000 0.000000 0.000000 0.000000 0.000000 5.455559 0.000000 
0.000000 0.000000 0.000000 0.000000 0.000000 0.000000 0.000000 0.000000 0.000000 0.000000 0.000000 0.000000 0.000000 0.000000 0.000000 5.520588 
0.425250 0.655764 1.001215 1.304588 1.527609 1.663757 1.725537 1.730714 -0.099331 -0.155600 -0.291059 -0.413137 -0.492726 -0.526160 -0.523741 -0.498285 
0.547051 0.000000 0.000000 0.000000 0.000000 0.000000 0.000000 0.000000 0.000000 0.000000 0.000000 0.000000 0.000000 0.000000 0.000000 0.000000 
0.000000 0.498357 0.000000 0.000000 0.000000 0.000000 0.000000 0.000000 0.000000 0.000000 0.000000 0.000000 0.000000 0.000000 0.000000 0.000000 
0.000000 0.000000 0.543142 0.000000 0.000000 0.000000 0.000000 0.000000 0.000000 0.000000 0.000000 0.000000 0.000000 0.000000 0.000000 0.000000 
0.000000 0.000000 0.000000 0.656025 0.000000 0.000000 0.000000 0.000000 0.000000 0.000000 0.000000 0.000000 0.000000 0.000000 0.000000 0.000000 
0.000000 0.000000 0.000000 0.000000 0.850244 0.000000 0.000000 0.000000 0.000000 0.000000 0.000000 0.000000 0.000000 0.000000 0.000000 0.000000 
0.000000 0.000000 0.000000 0.000000 0.000000 1.113689 0.000000 0.000000 0.000000 0.000000 0.000000 0.000000 0.000000 0.000000 0.000000 0.000000 
0.000000 0.000000 0.000000 0.000000 0.000000 0.000000 1.413399 0.000000 0.000000 0.000000 0.000000 0.000000 0.000000 0.000000 0.000000 0.000000 
0.000000 0.000000 0.000000 0.000000 0.000000 0.000000 0.000000 1.718073 0.000000 0.000000 0.000000 0.000000 0.000000 0.000000 0.000000 0.000000 
0.000000 0.000000 0.000000 0.000000 0.000000 0.000000 0.000000 0.000000 0.617332 0.000000 0.000000 0.000000 0.000000 0.000000 0.000000 0.000000 
0.000000 0.000000 0.000000 0.000000 0.000000 0.000000 0.000000 0.000000 0.000000 0.427741 0.000000 0.000000 0.000000 0.000000 0.000000 0.000000 
0.000000 0.000000 0.000000 0.000000 0.000000 0.000000 0.000000 0.000000 0.000000 0.000000 0.572082 0.000000 0.000000 0.000000 0.000000 0.000000 
0.000000 0.000000 0.000000 0.000000 0.000000 0.000000 0.000000 0.000000 0.000000 0.000000 0.000000 0.843205 0.000000 0.000000 0.000000 0.000000 
0.000000 0.000000 0.000000 0.000000 0.000000 0.000000 0.000000 0.000000 0.000000 0.000000 0.000000 0.000000 1.179348 0.000000 0.000000 0.000000 
0.000000 0.000000 0.000000 0.000000 0.000000 0.000000 0.000000 0.000000 0.000000 0.000000 0.000000 0.000000 0.000000 1.466630 0.000000 0.000000 
0.000000 0.000000 0.000000 0.000000 0.000000 0.000000 0.000000 0.000000 0.000000 0.000000 0.000000 0.000000 0.000000 0.000000 1.660954 0.000000 
0.000000 0.000000 0.000000 0.000000 0.000000 0.000000 0.000000 0.000000 0.000000 0.000000 0.000000 0.000000 0.000000 0.000000 0.000000 1.773002 
0.003795 0.000405 -0.036222 -0.075052 -0.103214 -0.123348 -0.138267 -0.149431 0.003517 0.000039 -0.008044 -0.020587 -0.022564 -0.006853 0.022582 0.059751 
0.006243 0.000000 0.000000 0.000000 0.000000 0.000000 0.000000 0.000000 0.000000 0.000000 0.000000 0.000000 0.000000 0.000000 0.000000 0.000000 
0.000000 0.010750 0.000000 0.000000 0.000000 0.000000 0.000000 0.000000 0.000000 0.000000 0.000000 0.000000 0.000000 0.000000 0.000000 0.000000 
0.000000 0.000000 0.049648 0.000000 0.000000 0.000000 0.000000 0.000000 0.000000 0.000000 0.000000 0.000000 0.000000 0.000000 0.000000 0.000000 
0.000000 0.000000 0.000000 0.180540 0.000000 0.000000 0.000000 0.000000 0.000000 0.000000 0.000000 0.000000 0.000000 0.000000 0.000000 0.000000 
0.000000 0.000000 0.000000 0.000000 0.476782 0.000000 0.000000 0.000000 0.000000 0.000000 0.000000 0.000000 0.000000 0.000000 0.000000 0.000000 
0.000000 0.000000 0.000000 0.000000 0.000000 0.939554 0.000000 0.000000 0.000000 0.000000 0.000000 0.000000 0.000000 0.000000 0.000000 0.000000 
0.000000 0.000000 0.000000 0.000000 0.000000 0.000000 1.480613 0.000000 0.000000 0.000000 0.000000 0.000000 0.000000 0.000000 0.000000 0.000000 
0.000000 0.000000 0.000000 0.000000 0.000000 0.000000 0.000000 2.000318 0.000000 0.000000 0.000000 0.000000 0.000000 0.000000 0.000000 0.000000 
0.000000 0.000000 0.000000 0.000000 0.000000 0.000000 0.000000 0.000000 0.003232 0.000000 0.000000 0.000000 0.000000 0.000000 0.000000 0.000000 
0.000000 0.000000 0.000000 0.000000 0.000000 0.000000 0.000000 0.000000 0.000000 0.005056 0.000000 0.000000 0.000000 0.000000 0.000000 0.000000 
0.000000 0.000000 0.000000 0.000000 0.000000 0.000000 0.000000 0.000000 0.000000 0.000000 0.011177 0.000000 0.000000 0.000000 0.000000 0.000000 
0.000000 0.000000 0.000000 0.000000 0.000000 0.000000 0.000000 0.000000 0.000000 0.000000 0.000000 0.033382 0.000000 0.000000 0.000000 0.000000 
0.000000 0.000000 0.000000 0.000000 0.000000 0.000000 0.000000 0.000000 0.000000 0.000000 0.000000 0.000000 0.087578 0.000000 0.000000 0.000000 
0.000000 0.000000 0.000000 0.000000 0.000000 0.000000 0.000000 0.000000 0.000000 0.000000 0.000000 0.000000 0.000000 0.175239 0.000000 0.000000 
0.000000 0.000000 0.000000 0.000000 0.000000 0.000000 0.000000 0.000000 0.000000 0.000000 0.000000 0.000000 0.000000 0.000000 0.283652 0.000000 
0.000000 0.000000 0.000000 0.000000 0.000000 0.000000 0.000000 0.000000 0.000000 0.000000 0.000000 0.000000 0.000000 0.000000 0.000000 0.395816 
-1.032583 -1.578313 -2.030165 -2.332114 -2.517761 -2.620412 -2.665563 -2.672079 -0.432134 -0.644539 -0.860534 -0.970351 -0.986581 -0.942314 -0.865754 -0.774445 
4.623871 0.000000 0.000000 0.000000 0.000000 0.000000 0.000000 0.000000 0.000000 0.000000 0.000000 0.000000 0.000000 0.000000 0.000000 0.000000 
0.000000 4.682945 0.000000 0.000000 0.000000 0.000000 0.000000 0.000000 0.000000 0.000000 0.000000 0.000000 0.000000 0.000000 0.000000 0.000000 
0.000000 0.000000 4.596015 0.000000 0.000000 0.000000 0.000000 0.000000 0.000000 0.000000 0.000000 0.000000 0.000000 0.000000 0.000000 0.000000 
0.000000 0.000000 0.000000 4.462642 0.000000 0.000000 0.000000 0.000000 0.000000 0.000000 0.000000 0.000000 0.000000 0.000000 0.000000 0.000000 
0.000000 0.000000 0.000000 0.000000 4.287564 0.000000 0.000000 0.000000 0.000000 0.000000 0.000000 0.000000 0.000000 0.000000 0.000000 0.000000 
0.000000 0.000000 0.000000 0.000000 0.000000 4.154998 0.000000 0.000000 0.000000 0.000000 0.000000 0.000000 0.000000 0.000000 0.000000 0.000000 
0.000000 0.000000 0.000000 0.000000 0.000000 0.000000 4.090230 0.000000 0.000000 0.000000 0.000000 0.000000 0.000000 0.000000 0.000000 0.000000 
0.000000 0.000000 0.000000 0.000000 0.000000 0.000000 0.000000 4.073570 0.000000 0.000000 0.000000 0.000000 0.000000 0.000000 0.000000 0.000000 
0.000000 0.000000 0.000000 0.000000 0.000000 0.000000 0.000000 0.000000 2.713113 0.000000 0.000000 0.000000 0.000000 0.000000 0.000000 0.000000 
0.000000 0.000000 0.000000 0.000000 0.000000 0.000000 0.000000 0.000000 0.000000 2.295413 0.000000 0.000000 0.000000 0.000000 0.000000 0.000000 
0.000000 0.000000 0.000000 0.000000 0.000000 0.000000 0.000000 0.000000 0.000000 0.000000 2.264367 0.000000 0.000000 0.000000 0.000000 0.000000 
0.000000 0.000000 0.000000 0.000000 0.000000 0.000000 0.000000 0.000000 0.000000 0.000000 0.000000 2.372443 0.000000 0.000000 0.000000 0.000000 
0.000000 0.000000 0.000000 0.000000 0.000000 0.000000 0.000000 0.000000 0.000000 0.000000 0.000000 0.000000 2.499032 0.000000 0.000000 0.000000 
0.000000 0.000000 0.000000 0.000000 0.000000 0.000000 0.000000 0.000000 0.000000 0.000000 0.000000 0.000000 0.000000 2.611760 0.000000 0.000000 
0.000000 0.000000 0.000000 0.000000 0.000000 0.000000 0.000000 0.000000 0.000000 0.000000 0.000000 0.000000 0.000000 0.000000 2.718970 0.000000 
0.000000 0.000000 0.000000 0.000000 0.000000 0.000000 0.000000 0.000000 0.000000 0.000000 0.000000 0.000000 0.000000 0.000000 0.000000 2.809354 
-0.048704 -0.278393 -0.566858 -0.839014 -1.084647 -1.305988 -1.498132 -1.654653 1.372894 1.954704 2.497434 2.843540 2.987159 2.982767 2.888204 2.748070 
0.508715 0.000000 0.000000 0.000000 0.000000 0.000000 0.000000 0.000000 0.000000 0.000000 0.000000 0.000000 0.000000 0.000000 0.000000 0.000000 
0.000000 0.683396 0.000000 0.000000 0.000000 0.000000 0.000000 0.000000 0.000000 0.000000 0.000000 0.000000 0.000000 0.000000 0.000000 0.000000 
0.000000 0.000000 0.949386 0.000000 0.000000 0.000000 0.000000 0.000000 0.000000 0.000000 0.000000 0.000000 0.000000 0.000000 0.000000 0.000000 
0.000000 0.000000 0.000000 1.184745 0.000000 0.000000 0.000000 0.000000 0.000000 0.000000 0.000000 0.000000 0.000000 0.000000 0.000000 0.000000 
0.000000 0.000000 0.000000 0.000000 1.463682 0.000000 0.000000 0.000000 0.000000 0.000000 0.000000 0.000000 0.000000 0.000000 0.000000 0.000000 
0.000000 0.000000 0.000000 0.000000 0.000000 1.792342 0.000000 0.000000 0.000000 0.000000 0.000000 0.000000 0.000000 0.000000 0.000000 0.000000 
0.000000 0.000000 0.000000 0.000000 0.000000 0.000000 2.124811 0.000000 0.000000 0.000000 0.000000 0.000000 0.000000 0.000000 0.000000 0.000000 
0.000000 0.000000 0.000000 0.000000 0.000000 0.000000 0.000000 2.428246 0.000000 0.000000 0.000000 0.000000 0.000000 0.000000 0.000000 0.000000 
0.000000 0.000000 0.000000 0.000000 0.000000 0.000000 0.000000 0.000000 4.239261 0.000000 0.000000 0.000000 0.000000 0.000000 0.000000 0.000000 
0.000000 0.000000 0.000000 0.000000 0.000000 0.000000 0.000000 0.000000 0.000000 4.237940 0.000000 0.000000 0.000000 0.000000 0.000000 0.000000 
0.000000 0.000000 0.000000 0.000000 0.000000 0.000000 0.000000 0.000000 0.000000 0.000000 4.002524 0.000000 0.000000 0.000000 0.000000 0.000000 
0.000000 0.000000 0.000000 0.000000 0.000000 0.000000 0.000000 0.000000 0.000000 0.000000 0.000000 3.619271 0.000000 0.000000 0.000000 0.000000 
0.000000 0.000000 0.000000 0.000000 0.000000 0.000000 0.000000 0.000000 0.000000 0.000000 0.000000 0.000000 3.397440 0.000000 0.000000 0.000000 
0.000000 0.000000 0.000000 0.000000 0.000000 0.000000 0.000000 0.000000 0.000000 0.000000 0.000000 0.000000 0.000000 3.326899 0.000000 0.000000 
0.000000 0.000000 0.000000 0.000000 0.000000 0.000000 0.000000 0.000000 0.000000 0.000000 0.000000 0.000000 0.000000 0.000000 3.349722 0.000000 
0.000000 0.000000 0.000000 0.000000 0.000000 0.000000 0.000000 0.000000 0.000000 0.000000 0.000000 0.000000 0.000000 0.000000 0.000000 3.409673 
16 5 1
84863.864549
0.071333 0.273333 0.434333 0.125667 0.095333 
2.489839 3.327016 3.958466 4.324604 4.469595 4.475807 4.403384 4.285508 0.697302 1.167164 1.519120 1.740103 1.867638 1.941148 1.982609 2.002404 
7.509658 5.649297 3.830595 2.648198 1.842319 1.245535 0.798836 0.473109 1.527862 0.700563 -0.077729 -0.578718 -0.930375 -1.194749 -1.400529 -1.558159 
5.649297 5.220246 3.962853 2.871121 2.024549 1.364682 0.861568 0.492430 0.975898 0.638289 0.086656 -0.371120 -0.734505 -1.021714 -1.243436 -1.406375 
3.830595 3.962853 3.337974 2.611755 1.967902 1.431389 1.008917 0.693951 0.637016 0.476043 0.115577 -0.221379 -0.496509 -0.713490 -0.875526 -0.986893 
2.648198 2.871121 2.611755 2.241006 1.871571 1.533705 1.249996 1.028482 0.404145 0.221664 -0.052423 -0.285436 -0.463009 -0.594333 -0.683696 -0.735434 
1.842319 2.024549 1.967902 1.871571 1.761832 1.640195 1.522993 1.422192 0.187552 -0.063830 -0.290210 -0.439550 -0.530372 -0.582747 -0.605712 -0.604897 
1.245535 1.364682 1.431389 1.533705 1.640195 1.721132 1.774819 1.807505 -0.005084 -0.330352 -0.520436 -0.599089 -0.614000 -0.596131 -0.560276 -0.513776 
0.798836 0.861568 1.008917 1.249996 1.522993 1.774819 1.983186 2.143738 -0.165486 -0.556061 -0.715282 -0.735202 -0.686846 -0.610114 -0.524928 -0.440199 
0.473109 0.492430 0.693951 1.028482 1.422192 1.807505 2.143738 2.414864 -0.296016 -0.739480 -0.872950 -0.846066 -0.747860 -0.624878 -0.500871 -0.385862 
1.527862 0.975898 0.637016 0.404145 0.187552 -0.005084 -0.165486 -0.296016 3.611367 3.118020 2.724092 2.457853 2.257739 2.110278 2.002195 1.917937 
0.700563 0.638289 0.476043 0.221664 -0.063830 -0.330352 -0.556061 -0.739480 3.118020 3.501920 3.444795 3.236498 3.014356 2.827573 2.685381 2.577004 
-0.077729 0.086656 0.115577 -0.052423 -0.290210 -0.520436 -0.715282 -0.872950 2.724092 3.444795 3.723748 3.702207 3.583572 3.457330 3.354108 3.272341 
-0.578718 -0.371120 -0.221379 -0.285436 -0.439550 -0.599089 -0.735202 -0.846066 2.457853 3.236498 3.702207 3.846202 3.849480 3.807561 3.761870 3.718893 
-0.930375 -0.734505 -0.496509 -0.463009 -0.530372 -0.614000 -0.686846 -0.747860 2.257739 3.014356 3.583572 3.849480 3.960025 4.002403 4.019018 4.020068 
-1.194749 -1.021714 -0.713490 -0.594333 -0.582747 -0.596131 -0.610114 -0.624878 2.110278 2.827573 3.457330 3.807561 4.002403 4.119119 4.195886 4.242578 
-1.400529 -1.243436 -0.875526 -0.683696 -0.605712 -0.560276 -0.524928 -0.500871 2.002195 2.685381 3.354108 3.761870 4.019018 4.195886 4.325438 4.415167 
-1.558159 -1.406375 -0.986893 -0.735434 -0.604897 -0.513776 -0.440199 -0.385862 1.917937 2.577004 3.272341 3.718893 4.020068 4.242578 4.415167 4.542466 
0.456859 0.753845 1.116366 1.447693 1.714683 1.900602 2.008774 2.052319 -0.120202 -0.168417 -0.241402 -0.293357 -0.312854 -0.305791 -0.281512 -0.247053 
1.811736 1.432691 0.956683 0.558179 0.233902 -0.015101 -0.198425 -0.330734 -0.392919 -0.420186 -0.407043 -0.427347 -0.451872 -0.460708 -0.450513 -0.425443 
1.432691 1.604390 1.333251 0.935967 0.542625 0.208285 -0.053555 -0.250418 -0.305298 -0.433263 -0.459117 -0.492261 -0.525001 -0.541209 -0.537875 -0.519007 
0.956683 1.333251 1.362293 1.144226 0.825560 0.507367 0.235916 0.021309 -0.193961 -0.347380 -0.403977 -0.454608 -0.503566 -0.538248 -0.554474 -0.554641 
0.558179 0.935967 1.144226 1.128482 0.963379 0.744996 0.534071 0.355274 -0.095180 -0.233761 -0.301914 -0.359989 -0.415813 -0.460322 -0.488984 -0.502806 
0.233902 0.542625 0.825560 0.963379 0.960960 0.880251 0.774243 0.671529 -0.005636 -0.118534 -0.186283 -0.242830 -0.296167 -0.340814 -0.372945 -0.392718 
-0.015101 0.208285 0.507367 0.744996 0.880251 0.936378 0.947364 0.937272 0.071925 -0.013394 -0.075506 -0.126618 -0.173474 -0.213806 -0.244993 -0.266697 
-0.198425 -0.053555 0.235916 0.534071 0.774243 0.947364 1.066884 1.148521 0.134628 0.076228 0.022225 -0.022190 -0.061950 -0.097223 -0.126496 -0.149031 
-0.330734 -0.250418 0.021309 0.355274 0.671529 0.937272 1.148521 1.312193 0.182801 0.149805 0.105133 0.067448 0.033906 0.002746 -0.025281 -0.048982 
-0.392919 -0.305298 -0.193961 -0.095180 -0.005636 0.071925 0.134628 0.182801 1.400453 1.047955 0.774030 0.611691 0.511924 0.440794 0.381317 0.327618 
-0.420186 -0.433263 -0.347380 -0.233761 -0.118534 -0.013394 0.076228 0.149805 1.047955 1.173465 1.045935 0.911365 0.807874 0.720699 0.640089 0.564291 
-0.407043 -0.459117 -0.403977 -0.301914 -0.186283 -0.075506 0.022225 0.105133 0.774030 1.045935 1.111429 1.097830 1.057557 0.997858 0.924354 0.844924 
-0.427347 -0.492261 -0.454608 -0.359989 -0.242830 -0.126618 -0.022190 0.067448 0.611691 0.911365 1.097830 1.207721 1.258565 1.255606 1.212796 1.146747 
-0.451872 -0.525001 -0.503566 -0.415813 -0.296167 -0.173474 -0.061950 0.033906 0.511924 0.807874 1.057557 1.258565 1.394917 1.457205 1.458178 1.418430 
-0.460708 -0.541209 -0.538248 -0.460322 -0.340814 -0.213806 -0.097223 0.002746 0.440794 0.720699 0.997858 1.255606 1.457205 1.578157 1.625055 1.618083 
-0.450513 -0.537875 -0.554474 -0.488984 -0.372945 -0.244993 -0.126496 -0.025281 0.381317 0.640089 0.924354 1.212796 1.458178 1.625055 1.713035 1.739439 
-0.425443 -0.519007 -0.554641 -0.502806 -0.392718 -0.266697 -0.149031 -0.048982 0.327618 0.564291 0.844924 1.146747 1.418430 1.618083 1.739439 1.796146 
-0.034225 -0.111115 -0.259665 -0.428426 -0.595917 -0.744874 -0.866393 -0.959224 -0.169759 -0.262095 -0.336301 -0.369256 -0.375441 -0.359987 -0.327822 -0.284781 
0.664000 0.473200 0.263965 0.126723 0.041707 -0.011327 -0.045155 -0.067424 -0.149496 -0.116353 -0.095133 -0.079714 -0.070799 -0.067244 -0.066076 -0.065253 
0.473200 0.519323 0.412067 0.280916 0.171533 0.088866 0.028439 -0.015235 -0.111130 -0.074965 -0.048639 -0.039006 -0.037888 -0.041344 -0.046237 -0.050667 
0.263965 0.412067 0.467848 0.429482 0.356937 0.282447 0.217431 0.164334 -0.056868 -0.026279 0.001931 0.007400 0.001986 -0.006784 -0.014734 -0.020257 
0.126723 0.280916 0.429482 0.499977 0.514228 0.499551 0.472188 0.440521 -0.028929 -0.003346 0.019936 0.023690 0.019004 0.012708 0.008168 0.006232 
0.041707 0.171533 0.356937 0.514228 0.625975 0.696549 0.734535 0.748365 -0.013159 0.008521 0.021594 0.021068 0.017962 0.015918 0.015978 0.017860 
-0.011327 0.088866 0.282447 0.499551 0.696549 0.853453 0.965592 1.036623 0.000535 0.018703 0.019891 0.012479 0.008857 0.009450 0.012729 0.017167 
-0.045155 0.028439 0.217431 0.472188 0.734535 0.965592 1.147488 1.276951 0.015641 0.031233 0.022038 0.007147 0.000948 0.001806 0.006275 0.011759 
-0.067424 -0.015235 0.164334 0.440521 0.748365 1.036623 1.276951 1.459164 0.032686 0.047304 0.030844 0.009480 -0.000423 -0.001228 0.002641 0.007860 
-0.149496 -0.111130 -0.056868 -0.028929 -0.013159 0.000535 0.015641 0.032686 1.043703 0.804260 0.650379 0.560753 0.486936 0.423985 0.371424 0.327882 
-0.116353 -0.074965 -0.026279 -0.003346 0.008521 0.018703 0.031233 0.047304 0.804260 0.981978 0.956886 0.866049 0.762083 0.664156 0.578425 0.505448 
-0.095133 -0.048639 0.001931 0.019936 0.021594 0.019891 0.022038 0.030844 0.650379 0.956886 1.092240 1.096581 1.035043 0.947471 0.854815 0.766269 
-0.079714 -0.039006 0.007400 0.023690 0.021068 0.012479 0.007147 0.009480 0.560753 0.866049 1.096581 1.213600 1.235363 1.198006 1.130276 1.049227 
-0.070799 -0.037888 0.001986 0.019004 0.017962 0.008857 0.000948 -0.000423 0.486936 0.762083 1.035043 1.235363 1.338373 1.364124 1.338987 1.282710 
-0.067244 -0.041344 -0.006784 0.012708 0.015918 0.009450 0.001806 -0.001228 0.423985 0.664156 0.947471 1.198006 1.364124 1.448853 1.470788 1.447937 
-0.066076 -0.046237 -0.014734 0.008168 0.015978 0.012729 0.006275 0.002641 0.371424 0.578425 0.854815 1.130276 1.338987 1.470788 1.535619 1.547502 
-0.065253 -0.050667 -0.020257 0.006232 0.017860 0.017167 0.011759 0.007860 0.327882 0.505448 0.766269 1.049227 1.282710 1.447937 1.547502 1.590898 
-2.088056 -3.021918 -3.764040 -4.204711 -4.389912 -4.409125 -4.336701 -4.219901 -0.551195 -0.627246 -0.680814 -0.664711 -0.577415 -0.453023 -0.319656 -0.192779 
5.930760 4.857548 3.480376 2.376095 1.538725 0.912371 0.458037 0.141688 0.676476 0.588097 0.471279 0.377073 0.293235 0.217784 0.152127 0.098056 
4.857548 5.092869 4.207469 3.176068 2.287964 1.578053 1.036638 0.641657 0.387428 0.451900 0.369450 0.236387 0.099909 -0.024884 -0.129512 -0.209019 
3.480376 4.207469 3.966408 3.337295 2.683125 2.106580 1.635037 1.269657 0.113689 0.220523 0.171025 0.036899 -0.111046 -0.248670 -0.363676 -0.449542 
2.376095 3.176068 3.337295 3.108995 2.766806 2.411820 2.086474 1.809410 -0.131649 -0.039447 -0.075186 -0.193862 -0.328574 -0.455802 -0.563443 -0.644716 
1.538725 2.287964 2.683125 2.766806 2.706429 2.572830 2.406572 2.234821 -0.349631 -0.290264 -0.319629 -0.415571 -0.524028 -0.626443 -0.713422 -0.779258 
0.912371 1.578053 2.106580 2.411820 2.572830 2.627122 2.605582 2.536770 -0.519986 -0.498234 -0.526123 -0.600383 -0.681024 -0.755214 -0.817122 -0.862927 
0.458037 1.036638 1.635037 2.086474 2.406572 2.605582 2.702985 2.724600 -0.637219 -0.650133 -0.679322 -0.736064 -0.792891 -0.841936 -0.880648 -0.907231 
0.141688 0.641657 1.269657 1.809410 2.234821 2.536770 2.724600 2.819681 -0.708402 -0.749149 -0.780455 -0.823805 -0.861889 -0.890740 -0.910405 -0.920825 
0.676476 0.387428 0.113689 -0.131649 -0.349631 -0.519986 -0.637219 -0.708402 3.156618 2.509921 2.051825 1.718275 1.412040 1.135096 0.900014 0.709874 
0.588097 0.451900 0.220523 -0.039447 -0.290264 -0.498234 -0.650133 -0.749149 2.509921 2.604177 2.470921 2.221574 1.917447 1.611761 1.338145 1.108826 
0.471279 0.369450 0.171025 -0.075186 -0.319629 -0.526123 -0.679322 -0.780455 2.051825 2.470921 2.691407 2.647411 2.441801 2.172256 1.901043 1.656414 
0.377073 0.236387 0.036899 -0.193862 -0.415571 -0.600383 -0.736064 -0.823805 1.718275 2.221574 2.647411 2.810565 2.759440 2.589860 2.376255 2.159296 
0.293235 0.099909 -0.111046 -0.328574 -0.524028 -0.681024 -0.792891 -0.861889 1.412040 1.917447 2.441801 2.759440 2.862501 2.819703 2.698850 2.543773 
0.217784 -0.024884 -0.248670 -0.455802 -0.626443 -0.755214 -0.841936 -0.890740 1.135096 1.611761 2.172256 2.589860 2.819703 2.899313 2.880479 2.802811 
0.152127 -0.129512 -0.363676 -0.563443 -0.713422 -0.817122 -0.880648 -0.910405 0.900014 1.338145 1.901043 2.376255 2.698850 2.880479 2.955339 2.955163 
0.098056 -0.209019 -0.449542 -0.644716 -0.779258 -0.862927 -0.907231 -0.920825 0.709874 1.108826 1.656414 2.159296 2.543773 2.802811 2.955163 3.023839 
-0.227726 -0.480844 -0.773141 -1.074046 -1.367725 -1.639746 -1.876316 -2.068909 2.337022 3.043583 3.672282 4.008289 4.077745 3.973841 3.779431 3.549990 
1.272796 1.154815 1.012585 0.879897 0.762487 0.667826 0.592096 0.529817 0.121744 0.186630 0.201331 0.198416 0.174985 0.142524 0.111431 0.086215 
1.154815 1.513708 1.575916 1.461265 1.303316 1.157041 1.033071 0.928792 -0.108406 0.016169 0.104490 0.148548 0.150340 0.128389 0.099162 0.070924 
1.012585 1.575916 1.862281 1.867738 1.759189 1.625528 1.495781 1.376707 -0.334335 -0.225653 -0.091996 0.014582 0.069824 0.085774 0.079624 0.062447 
0.879897 1.461265 1.867738 2.022284 2.035347 1.983352 1.900809 1.804472 -0.462254 -0.433365 -0.308242 -0.160393 -0.049799 0.015285 0.043762 0.046247 
0.762487 1.303316 1.759189 2.035347 2.178963 2.233491 2.225801 2.177001 -0.528899 -0.593899 -0.505835 -0.342834 -0.191579 -0.083295 -0.021775 0.000558 
0.667826 1.157041 1.625528 1.983352 2.233491 2.387719 2.459577 2.468714 -0.563404 -0.708026 -0.664845 -0.507115 -0.335500 -0.198984 -0.113616 -0.076043 
0.592096 1.033071 1.495781 1.900809 2.225801 2.459577 2.602533 2.669554 -0.576236 -0.780060 -0.780714 -0.642892 -0.470486 -0.322908 -0.225636 -0.179555 
0.529817 0.928792 1.376707 1.804472 2.177001 2.468714 2.669554 2.788713 -0.571743 -0.817485 -0.858391 -0.749949 -0.591999 -0.448117 -0.349983 -0.302087 
0.121744 -0.108406 -0.334335 -0.462254 -0.528899 -0.563404 -0.576236 -0.571743 5.633634 4.921448 3.888108 2.901971 2.064192 1.411664 0.938489 0.616440 
0.186630 0.016169 -0.225653 -0.433365 -0.593899 -0.708026 -0.780060 -0.817485 4.921448 5.319529 4.698810 3.774231 2.881324 2.141166 1.580442 1.181840 
0.201331 0.104490 -0.091996 -0.308242 -0.505835 -0.664845 -0.780714 -0.858391 3.888108 4.698810 4.584397 3.989682 3.292414 2.664452 2.163641 1.791323 
0.198416 0.148548 0.014582 -0.160393 -0.342834 -0.507115 -0.642892 -0.749949 2.901971 3.774231 3.989682 3.758604 3.360972 2.953365 2.602706 2.325067 
0.174985 0.150340 0.069824 -0.049799 -0.191579 -0.335500 -0.470486 -0.591999 2.064192 2.881324 3.292414 3.360972 3.252272 3.078270 2.897792 2.734423 
0.142524 0.128389 0.085774 0.015285 -0.083295 -0.198984 -0.322908 -0.448117 1.411664 2.141166 2.664452 2.953365 3.078270 3.104595 3.076685 3.020195 
0.111431 0.099162 0.079624 0.043762 -0.021775 -0.113616 -0.225636 -0.349983 0.938489 1.580442 2.163641 2.602706 2.897792 3.076685 3.169746 3.201798 
0.086215 0.070924 0.062447 0.046247 0.000558 -0.076043 -0.179555 -0.302087 0.616440 1.181840 1.791323 2.325067 2.734423 3.020195 3.201798 3.302072 
