272
-1349.401859
-307.595054
-4659.609965
-3691.657449
3873.738802
1652.956324
0.583154 0.008589 -0.109520 -0.241746 0.010506 0.000154 0.008589 0.130294 -0.068992 -0.000103 -0.030125 -0.011817 -0.109520 -0.068992 0.429306 -0.047995 -0.066301 0.020049 -0.241746 -0.000103 -0.047995 0.198484 0.005743 -0.016488 0.010506 -0.030125 -0.066301 0.005743 0.055181 -0.004818 0.000154 -0.011817 0.020049 -0.016488 -0.004818 0.008607 
