272
1249.322396
141.300318
5726.557215
1322.912215
-3901.243874
-274.701628
0.574603 -0.002697 -0.094417 -0.241118 0.008783 0.001557 -0.002697 0.290705 -0.091913 0.002236 -0.096935 -0.010921 -0.094417 -0.091913 0.497464 -0.071403 -0.071131 0.023666 -0.241118 0.002236 -0.071403 0.202737 0.013057 -0.018308 0.008783 -0.096935 -0.071131 0.013057 0.100396 -0.009267 0.001557 -0.010921 0.023666 -0.018308 -0.009267 0.009211 
