[NET]
NLayers= 2
NUnits= 3 20 3 
InputMax= 3.14 3.14 3.14 
InputMin= -3.14 -3.14 -3.14 
TargetMax= 1 1 1 
TargetMin= -1 -1 -1 
OutputMax= 1 1 1
OutputMin= -1 -1 -1 
Epoch= 1000000
AnalogCost= 0.000514179
Grad= 6.37268e-006
Weights[1]= 0.955947 -0.700252 -0.417645 -1.22947 0.338342 0.571547 0.501289 1.88111 -0.385696 0.899777 -0.243746 0.290767 0.504943 0.0731838 -1.33412 -1.18077 -3.16829 1.23639 0.0398971 -0.804167 -0.545467 -4.56338 -1.04488 -3.36223 -0.157536 -0.116185 -0.46599 -4.84541 0.406075 0.443378 -0.522275 -0.00874035 0.999545 -4.3484 0.253459 0.0673008 1.57559 -0.78313 -0.911095 -1.34586 -1.01134 -3.11377 -1.63538 -2.05944 0.316463 -0.610374 1.42984 -3.22214 -0.258508 0.263674 -0.437895 0.303341 2.86398 -2.50039 -0.643591 -0.376005 0.564484 -0.955082 0.554425 0.548038 
Biases[1]= -0.499098 0.102699 0.850618 0.686953 0.730254 -0.625724 -0.342866 0.109175 -0.385601 0.107594 0.400493 -0.931654 -0.0691903 -0.0569198 0.663078 0.995426 0.222969 -0.950127 0.349339 0.807362 
Weights[2]= 0.376217 -1.01988 0.629017 1.97953 1.78974 0.0694462 -0.463109 0.671126 1.13105 -1.30512 -0.679254 -0.240516 0.0117733 -0.457074 -0.347757 0.356106 -0.418874 0.356339 0.31075 -0.365793 -0.718334 -2.92899 -0.236851 0.348863 -0.261426 0.504349 0.0310783 -0.0378087 -0.899948 -0.0540274 -0.0246478 0.234587 0.344627 -0.160914 0.0818709 0.146938 -0.174647 0.960712 0.818187 1.75801 -1.58021 -0.481428 0.437171 0.0707219 0.230852 0.534821 0.102279 -0.490752 -0.174004 -1.04251 -0.528109 0.0257555 -1.07721 0.286849 0.205325 -0.445217 0.200851 -0.245565 -1.00335 0.245581 
Biases[2]= -0.101882 -0.499396 -0.492589 
[END]
