[NET]
NLayers= 2
NUnits= 3 10 3 
InputMax= 3.14 3.14 3.14 
InputMin= -3.14 -3.14 -3.14 
TargetMax= 1 1 1 
TargetMin= -1 -1 -1 
OutputMax= 0.030303 0.012103 0.116615 
OutputMin= 0.000209 -0.027259 0.000232 
Epoch= 500000
AnalogCost= 7.83403e-005
Grad= 3.41213e-007
LogFile= handellipse.log
Weights[1]= 0.210505 0.220697 -0.760332 0.382055 0.482539 0.317908 0.344815 0.0478166 0.0391578 0.0105955 0.0324772 -0.249756 -0.18393 -0.401932 0.0196044 0.617503 1.04473 -0.588773 -0.548736 0.5927 -0.350951 0.600164 -0.189191 -0.982157 1.0806 0.312942 0.268061 0.239496 0.48021 0.34722 
Biases[1]= -0.0693264 0.584552 0.164214 0.718172 0.628919 -0.291096 0.550336 0.477886 0.328007 -0.115183 
Weights[2]= 0.143867 -0.177555 -0.122688 0.0718294 0.047942 -0.149048 -0.0354233 0.103408 -0.384327 -0.101795 0.179635 -0.463963 -0.159599 0.189526 -0.620762 -0.116819 0.161639 -0.291378 0.134023 -0.173163 0.550163 -0.139138 -0.0253067 0.434442 0.216601 -0.204642 0.127313 -0.012017 -0.00484608 -0.270637 
Biases[2]= 0.0227897 -0.0628585 0.144923 
[END]
