[NET]
NLayers= 2
NUnits= 3 20 3 
InputMax= 3.14 3.14 3.14 
InputMin= -3.14 -3.14 -3.14 
TargetMax= 1 1 1 
TargetMin= -1 -1 -1 
OutputMax= 0 0.687255 0 
OutputMin= -0.992042 -0.464901 -0.69147 
Epoch= 5000000
AnalogCost= 0.000369762
Grad= 2.06089e-005
LogFile= handfk_11_11.log
Weights[1]= 0.879968 3.18278 5.29553 -0.621631 -0.450152 -1.7079 2.55811 -0.148935 -0.190917 12.6381 -3.94358 3.18124 -3.33038 -8.96379 4.73522 4.7989 2.5222 0.685766 0.610406 -1.32086 1.53741 -5.11679 11.2217 0.85096 2.5408 -1.91263 4.15615 0.0185983 0.0483979 8.98115 5.14338 -0.495537 1.24581 -10.1732 2.89689 2.81074 -0.623083 -0.302378 0.0633398 6.80701 -1.00783 -3.08425 11.3448 1.49188 2.10234 7.38174 3.48102 -0.354222 -0.0849196 10.5423 1.86088 -0.0999723 3.81664 -11.5082 -2.97887 0.460113 5.27279 0.99135 -4.85199 4.68589 
Biases[1]= 0.472625 0.599833 -3.21875 -1.16271 -0.911021 -0.516693 -1.72718 -0.628439 -0.507395 -3.47239 1.8898 -1.35431 0.0956921 3.32023 -1.14342 -0.692881 -0.52405 0.80261 0.243438 -0.739651 
Weights[2]= -0.417133 -1.73479 0.2916 1.65003 1.75248 3.03634 -2.09164 5.02016 4.35727 -0.542491 0.623556 1.40252 -1.21704 -2.29562 1.20982 -3.10327 -0.298693 0.869599 -1.19635 -5.67212 -4.10579 0.196221 0.673906 0.173853 0.123017 0.444362 0.0632318 -3.40438 2.2201 2.65477 -0.368094 3.21409 -1.85006 0.700756 2.47526 -1.17814 1.73076 1.60768 1.68147 -5.71024 5.36121 5.69088 3.8923 0.202126 -0.816208 -5.00535 0.520696 1.71919 3.1911 1.33732 0.211872 -0.602948 -1.65227 -0.512622 -0.579463 1.99332 2.64793 2.34566 2.59004 1.69929 
Biases[2]= -0.910889 -2.12879 -0.534326 
[END]
