[NET]
NLayers= 2
NUnits= 3 10 3 
InputMax= 3.14 3.14 3.14 
InputMin= -3.14 -3.14 -3.14 
TargetMax= 1 1 1 
TargetMin= -1 -1 -1 
OutputMax= 0.0174672 0.00124764 0.00984359 
OutputMin= 0.000267495 -0.0050754 0.000482523 
Epoch= 900000
AnalogCost= 6.61725e-007
Grad= 5.34959e-008
Weights[1]= 0.529767 0.553647 -0.0185897 0.396061 -0.532792 0.570949 -0.677638 -0.233962 0.226732 0.671404 0.568078 -0.724591 -0.0847361 0.376868 -0.0890182 0.0736694 -0.715577 0.0447452 0.196768 -0.6003 -0.273265 0.155395 0.676662 0.270099 -0.234381 0.59841 -0.562835 -0.57246 -0.239376 0.34477 
Biases[1]= 0.316741 0.613945 0.0528579 -0.0589031 0.727424 -0.604582 -0.0748654 0.633531 0.369778 0.323232 
Weights[2]= 0.0267494 -0.0367883 -0.0602837 -0.0891734 0.0592707 0.160585 0.0794406 0.0105162 0.102017 0.0834242 0.105505 0.139114 0.125257 -0.106893 0.125564 0.0047612 -0.122392 0.0955574 0.0873548 0.0625562 0.0848145 -0.00713638 -0.169447 0.0641577 0.154259 0.122111 0.268537 0.0885917 -0.0722146 -0.134364 
Biases[2]= -0.103114 0.0633547 -0.171559 
[END]
