[NET]
NLayers= 2
NUnits= 3 10 2 
InputMax= 1.5 1.5 1.5 
InputMin= -1.5 -1.5 -1.5 
TargetMax= 152 252 
TargetMin= 0 0 
OutputMax= 148 250 
OutputMin= 38 0 
Epoch= 1100000
AnalogCost= 0.00211105
Grad= 1.27716e-005
LogFile= errorCenters.log
Weights[1]= -5.36991 -12.0569 -0.32486 -6.79435 6.73526 17.4203 -14.5221 -5.90643 -8.72982 29.4799 8.32801 14.1208 1.80027 9.13858 5.4779 -14.0041 9.75946 1.46647 4.71145 -19.6696 5.19481 30.1751 1.07034 5.81488 -0.449687 -25.7032 9.55505 1.28203 4.43978 -18.4949 
Biases[1]= -1.21093 -9.65602 -0.777105 -1.10135 2.37969 7.40456 -4.2114 -1.43236 2.10297 5.57196 
Weights[2]= 4.14108 1.69765 0.177844 -22.4401 -1.42689 -1.61353 -3.25166 -1.75666 -2.99776 1.03263 0.39572 -25.9652 0.985743 12.1762 -3.79513 3.64899 -0.530423 0.0288462 -0.0830996 13.6809 
Biases[2]= 1.06964 3.03952 
[END]
