[NET]
NLayers= 2
NUnits= 3 5 3 
InputMax= 0.5 0.5 700 
InputMin= -0.5 -0.5 200 
TargetMax= 1 1.1 1 
TargetMin= -1 -1 -1 
OutputMax= 0 1.06352 0.941015 
OutputMin= -0.351008 -0.546397 -0.643276 
Epoch= 900000
AnalogCost= 0.00385468
Grad= 0.00019272
Weights[1]= -4.47876 0.531472 -1.14148 -0.0958008 1.10866 -12.1988 0.303832 -1.22622 2.26238 -4.41562 -5.82597 0.0106422 -0.212626 -2.02014 2.89586 
Biases[1]= -3.33438 0.638512 -0.994269 1.38182 -2.64378 
Weights[2]= -0.010327 -0.243046 0.293777 -1.44537 3.79603 1.46479 -0.662296 0.172452 2.2041 -0.0651844 -1.43264 2.02198 -0.037497 -0.887459 1.23537 
Biases[2]= 0.210721 -1.42593 0.178883 
[END]
