[NET]
NLayers= 2
NUnits= 3 5 3 
InputMax= 0.1 0.1 1300 
InputMin= -0.1 -0.1 200 
TargetMax= 1 1.1 1 
TargetMin= -1 -1 -1 
OutputMax= 0 0.912128 0.734483 
OutputMin= -0.451604 -0.384229 -0.63319 
Epoch= 10000000
AnalogCost= 0.00956172
Grad= 6.82568e-007
Weights[1]= -19.5566 5.55281 1.55291 9.28734 -2.67766 4.91945 -8.90942 2.36306 2.32818 9.96727 25.3574 20.9318 -1.88757 -18.8405 -36.1675 
Biases[1]= -4.99287 8.94905 -2.4176 -2.27626 -10.2767 
Weights[2]= -0.238012 -8.03198 8.42133 0.0596057 0.249851 -0.468951 -2.59083 5.98503 1.69255 -0.0438396 -0.0400071 0.22847 -0.0427956 -0.27347 0.437023 
Biases[2]= -3.04233 -1.91326 10.2337 
[END]
